          11.9593774727895
          35.8048261742488
          59.4948832822021
          83.0112630468769
          106.334252785532
          129.442797102593
          152.314642895781
          174.926554291937
           197.25460457859
          219.274548722573
          240.962275097578
          262.294328682429
          283.248490616109
          303.804391286929
          323.944127056484
           343.65284541484
          362.919260957673
          381.736065934926
          400.100204606746
          418.012989947464
          435.480053357671
          452.511131424299
          469.119706600588
          485.322529265027
          501.139055709302
          516.590839606656
          531.700913531457
          546.493192829547
          560.991927630149
          575.221221205265
          589.204625274457
          602.964816024602
          616.523349062207
          629.900487445418
          643.115094327658
          656.184580404473
          669.124896029822
          681.950558278397
          694.674704117584
          707.309162000535
          719.864535435107
           732.35029330621
          744.774862857715
          757.145722234164
          769.469490326327
          781.752012358638
          793.998440211495
          806.213306903265
          818.400594983966
          830.563798832809
          842.705981022194
          854.829823025813
          866.937670621201
          879.031574377519
          891.113325636253
           903.18448839244
          915.246427472215
          927.300333382998
           939.34724418837
          951.388064732926
          963.423583514736
            975.4544874755
          987.481374951975
          999.504767007098
          1011.52511733581
          1023.54282091907
           1035.5582215798
          1047.57161857677
          1059.58327235648
          1071.59340956843
          1083.60222743694
          1095.60989757076
          1107.61656928208
          1119.62237247737
          1131.62742017495
          1143.63181069704
           1155.6356295781
          1167.63895122603
          1179.64184036805
          1191.64435330905
          1203.64653902665
          1215.64844012408
          1227.65009365933
          1239.65153186652
          1251.65278278357
          1263.65387079825
          1275.65481712317
          1287.65564020912
          1299.65635610449
          1311.65697876806
          1323.65752034099
          1335.65799138348
           1347.6584010806
          1359.65875742134
          1371.65906735433
          1383.65933692332
            1395.659571385
           1407.6597753115
          1419.65995267953
          1431.66010694789
          1443.66024112497
          1455.66035782734
          1467.66045933083
          1479.66054761486
          1491.66062440109
          1503.66069118694
          1515.66074927481
          1527.66079979751
          1539.66084374029
          1551.66088196009
          1563.66091520227
          1575.66094411508
          1587.66096926237
          1599.66099113455
          1611.66101015816
          1623.66102670419
          1635.66104109532
          1647.66105361218
          1659.66106449888
          1671.66107396773
          1683.66108220338
          1695.66108936644
          1707.66109559661
          1719.66110101537
          1731.66110572841
          1743.66110982764
          1755.66111339299
          1767.66111649401
          1779.66111919115
          1791.66112153703
          1803.66112357738
          1815.66112535201
          1827.66112689551
          1839.66112823799
          1851.66112940563
           1863.6611304212
          1875.66113130451
          1887.66113207277
          1899.66113274098
          1911.66113332216
          1923.66113382766
          1935.66113426731
          1947.66113464971
          1959.66113498231
          1971.66113527158
          1983.66113552319
          1995.66113574202
          2007.66113593236
          2019.66113609791
          2031.66113624189
          2043.66113636713
          2055.66113647605
          2067.66113657079
          2079.66113665319
          2091.66113672485
          2103.66113678719
           2115.6611368414
          2127.66113688856
          2139.66113692957
          2151.66113696524
          2163.66113699627
          2175.66113702326
          2187.66113704673
          2199.66113706714
           2211.6611370849
          2223.66113710034
          2235.66117378979
          2247.66243748894
          2259.66958343594
          2271.69202966964
          2283.74402399229
          2295.84464396955
          2308.01779693045
          2320.29221996744
          2332.70147993637
          2345.28397345649
          2358.08292691046
          2371.14639644433
           2384.5272679676
          2398.28325715313
          2412.47690943722
          2427.17560001958
          2442.45153386333
          2458.38174569499
           2475.0481000045
          2492.53729104523
          2510.94084283395
          2530.35510915084
           2550.8812735395
          2572.62534930696
          2595.69817952364
          2620.21543702339
          2646.29762440347
          2674.07007402457
          2703.66294801078
          2735.21123824961
          2768.85476639199
          2804.73818385227
           2843.0109718082
          2883.82744120097
          2927.34673273516
           2973.7328168788
           3023.1544938633
          3075.78539368352
          3131.80397609771
          3191.39353062756
          3254.74217655816
          3322.04286293802
          3393.49336857907
          3469.29630205666
          3549.65910170955
          3634.79403563992
          3724.91820171337
          3820.25352755891
          3921.02677056898
          4027.46951789942
