     1.225778850919826e+01
     3.672264274159765e+01
     6.107934944143842e+01
     8.531375662415650e+01
     1.094101727327396e+02
     1.333512894353416e+02
     1.571181280739860e+02
     1.806900189984287e+02
     2.040446242701505e+02
     2.271580151087100e+02
     2.500048157142581e+02
     2.725584244304669e+02
     2.947913212933260e+02
     3.166754675644676e+02
     3.381827977069252e+02
     3.592857974608814e+02
     3.799581535369741e+02
     4.001754516278164e+02
     4.199158909476248e+02
     4.391609765995250e+02
     4.578961470597405e+02
     4.761112940787210e+02
     4.938011369680081e+02
     5.109654224909686e+02
     5.276089345237244e+02
     5.437413127130226e+02
     5.593766945226982e+02
     5.745332083009052e+02
     5.892323546722602e+02
     6.034983187024624e+02
     6.173572557412695e+02
     6.308365901967989e+02
     6.439643598154486e+02
     6.567686296497220e+02
     6.692769910616356e+02
     6.815161528660149e+02
     6.935116247639078e+02
     7.052874879040030e+02
     7.168662437986210e+02
     7.282687307605720e+02
     7.395140962468488e+02
     7.506198136778416e+02
     7.616017331381136e+02
     7.724741565895313e+02
     7.832499296283539e+02
     7.939405432410566e+02
     8.045562403572845e+02
     8.151061232026159e+02
     8.255982584907269e+02
     8.360397783581966e+02
     8.464369756438534e+02
     8.567953926646405e+02
     8.671199030615594e+02
     8.774147866032374e+02
     8.876837970609490e+02
     8.979302234253694e+02
     9.081569448374219e+02
     9.183664796662181e+02
     9.285610291968717e+02
     9.387425163983464e+02
     9.489126202331169e+02
     9.590728059513947e+02
     9.692243517868874e+02
     9.793683724413856e+02
     9.895058397140283e+02
     9.996376005993613e+02
     1.009764393147310e+03
     1.019886860348616e+03
     1.030005562281540e+03
     1.040120986729979e+03
     1.050233558459604e+03
     1.060343647317277e+03
     1.070451575299726e+03
     1.080557622720153e+03
     1.090662033586005e+03
     1.100765020287382e+03
     1.110866767683369e+03
     1.120967436662788e+03
     1.131067167246349e+03
     1.141166081288794e+03
     1.151264284832258e+03
     1.161361870155592e+03
     1.171458917558736e+03
     1.181555496916222e+03
     1.191651669029586e+03
     1.201747486804605e+03
     1.211842996276003e+03
     1.221938237499323e+03
     1.232033245327158e+03
     1.242128050084697e+03
     1.252222678157626e+03
     1.262317152503744e+03
     1.272411493098172e+03
     1.282505717320773e+03
     1.292599840293264e+03
     1.302693875172567e+03
     1.312787833406054e+03
     1.322881724953651e+03
     1.332975558481087e+03
     1.343069341528051e+03
     1.353163080654491e+03
     1.363256781567921e+03
     1.373350449234181e+03
     1.383444087973811e+03
     1.393537701545900e+03
     1.403631293221046e+03
     1.413724865844828e+03
     1.423818421893041e+03
     1.433911963519745e+03
     1.444005492599074e+03
     1.454099010761615e+03
     1.464192519426052e+03
     1.474286019826709e+03
     1.484379513037504e+03
     1.494472999992794e+03
     1.504566481505514e+03
     1.514659958282954e+03
     1.524753430940488e+03
     1.534846900013518e+03
     1.544940365967871e+03
     1.555033829208835e+03
     1.565127290089030e+03
     1.575220748915250e+03
     1.585314205954421e+03
     1.595407661438780e+03
     1.605501115570382e+03
     1.615594568525027e+03
     1.625688020455666e+03
     1.635781471495375e+03
     1.645874921759935e+03
     1.655968371350081e+03
     1.666061820353457e+03
     1.676155268846317e+03
     1.686248716895005e+03
     1.696342164557244e+03
     1.706435611883255e+03
     1.716529058916733e+03
     1.726622505695695e+03
     1.736715952253216e+03
     1.746809398618073e+03
     1.756902844815304e+03
     1.766996290866694e+03
     1.777089736791195e+03
     1.787183182605297e+03
     1.797276628323348e+03
     1.807370073957828e+03
     1.817463519519600e+03
     1.827556965018112e+03
     1.837650410461584e+03
     1.847743855857170e+03
     1.857837301211093e+03
     1.867930746528767e+03
     1.878024191814902e+03
     1.888117637073598e+03
     1.898211082308420e+03
     1.908304527522471e+03
     1.918397972718450e+03
     1.928491417898705e+03
     1.938584863065281e+03
     1.948678308219955e+03
     1.958771753364273e+03
     1.968865198499582e+03
     1.978958643627051e+03
     1.989052088747701e+03
     1.999145533862417e+03
     2.009238978971970e+03
     2.019332424077031e+03
     2.029425869178184e+03
     2.039519314275938e+03
     2.049612759370732e+03
     2.059706204462953e+03
     2.069799649552935e+03
     2.079893094640968e+03
     2.089986539727307e+03
     2.100079984812170e+03
     2.110173429895750e+03
     2.120266874978214e+03
     2.130360320059706e+03
     2.140453765140353e+03
     2.150547210220266e+03
     2.160640655299538e+03
     2.170734100378253e+03
     2.180827545456485e+03
     2.190920990534295e+03
     2.201014435611738e+03
     2.211107880688863e+03
     2.221201325765709e+03
     2.231294770842315e+03
     2.241388215918711e+03
     2.251481660994924e+03
     2.261575106070978e+03
     2.271668551146893e+03
     2.281761996222688e+03
     2.291855441298379e+03
     2.301948886373978e+03
     2.312042331449498e+03
     2.322135776524949e+03
     2.332229221600340e+03
     2.342322666675679e+03
     2.352416111750972e+03
     2.362509556826226e+03
     2.372603001901446e+03
     2.382696446976635e+03
     2.392789892051799e+03
     2.402883337126940e+03
     2.412976782202061e+03
     2.423070227277165e+03
     2.433163672352254e+03
     2.443257117427331e+03
     2.453350562502395e+03
     2.463444007577451e+03
     2.473537452652497e+03
     2.483630897727536e+03
     2.493724342802569e+03
     2.503817787877596e+03
     2.513911232952618e+03
     2.524004678027635e+03
     2.534098123102650e+03
     2.544191568177660e+03
     2.554285013252668e+03
     2.564378458327674e+03
     2.574471903402678e+03
     2.584565348477679e+03
     2.594658793552680e+03
     2.604752238627678e+03
     2.614845683702675e+03
     2.624939128777672e+03
     2.635032573852667e+03
     2.645126018927662e+03
     2.655219464002656e+03
     2.665312909077649e+03
     2.675406354152643e+03
     2.685499799227635e+03
     2.695593244302627e+03
     2.705686689377619e+03
     2.715780134452610e+03
     2.725873579527601e+03
     2.735967024602592e+03
     2.746060469677583e+03
     2.756153914752573e+03
     2.766247359827563e+03
     2.776340804902553e+03
     2.786434249977543e+03
     2.796527695052534e+03
     2.806621140127523e+03
     2.816714585202513e+03
     2.826808030277502e+03
     2.836901475352493e+03
     2.846994920427482e+03
     2.857088365502472e+03
     2.867181810577461e+03
     2.877275255652451e+03
     2.887368700727440e+03
     2.897462145802430e+03
     2.907555590877419e+03
     2.917649035952410e+03
     2.927742481027399e+03
     2.937835926102389e+03
     2.947929371177378e+03
     2.958022816252367e+03
     2.968116261327356e+03
     2.978209706402346e+03
     2.988303151477335e+03
     2.998396596552324e+03
     3.008490041627313e+03
     3.018583486702302e+03
     3.028676931777291e+03
     3.038770376852281e+03
     3.048863821927270e+03
     3.058957267002259e+03
     3.069050712077248e+03
     3.079144157152237e+03
     3.089237602227226e+03
     3.099331047302216e+03
     3.109424492377205e+03
     3.119517937452194e+03
     3.129611382527183e+03
     3.139704827602172e+03
     3.149798272677162e+03
     3.159891717752151e+03
     3.169985162827140e+03
     3.180078607902129e+03
     3.190172052977118e+03
     3.200265498052107e+03
     3.210358943127097e+03
     3.220452388202086e+03
     3.230545833277075e+03
     3.240639278352064e+03
     3.250732723427053e+03
     3.260826168502042e+03
     3.270919613577032e+03
     3.281013058652021e+03
     3.291106503727010e+03
     3.301199948801999e+03
     3.311293393876988e+03
     3.321386838951978e+03
     3.331480284026967e+03
     3.341573729101956e+03
     3.351667174176945e+03
     3.361760619251934e+03
     3.371854064326923e+03
     3.381947509401913e+03
     3.392040954476902e+03
     3.402134399551891e+03
     3.412227844626880e+03
     3.422321289701869e+03
     3.432414734776858e+03
     3.442508179851848e+03
     3.452601624926837e+03
     3.462695070001826e+03
     3.472788515076815e+03
     3.482881960151804e+03
     3.492975405226794e+03
     3.503068850301783e+03
     3.513162295376772e+03
     3.523255740451761e+03
     3.533349185526750e+03
     3.543442630601739e+03
     3.553536075676729e+03
     3.563629520751718e+03
     3.573722965826707e+03
     3.583816410901696e+03
     3.593909855976685e+03
     3.604003301051674e+03
     3.614096746126664e+03
     3.624190191201653e+03
     3.634283636276642e+03
     3.644377081351631e+03
     3.654470526426620e+03
     3.664563971501610e+03
     3.674657416576599e+03
     3.684750861651588e+03
     3.694844306726577e+03
     3.704937751801566e+03
     3.715031196876555e+03
     3.725124641951545e+03
     3.735218087026534e+03
     3.745311549479098e+03
     3.755405201935244e+03
     3.765499543811221e+03
     3.775595452545866e+03
     3.785694183784412e+03
     3.795797371378486e+03
     3.805907027386113e+03
     3.816025542071709e+03
     3.826155683906089e+03
     3.836300599566463e+03
     3.846463813936433e+03
     3.856649230106001e+03
     3.866861129371561e+03
     3.877104171235904e+03
     3.887383393408215e+03
     3.897704211804076e+03
     3.908072420545463e+03
     3.918494191960746e+03
     3.928976076584694e+03
     3.939525003158469e+03
     3.950148278629628e+03
     3.960853588152126e+03
     3.971648995086308e+03
     3.982542940998920e+03
     3.993544245663101e+03
     4.004662107058383e+03
     4.015906101370699e+03
     4.027286182992371e+03
     4.038812684522121e+03
     4.050496316765064e+03
     4.062348168732710e+03
     4.074379707642967e+03
     4.086602778920136e+03
     4.099029606194912e+03
     4.111672791304391e+03
     4.124545314292056e+03
     4.137660533407792e+03
     4.151032185107879e+03
     4.164674384054988e+03
     4.178601623118188e+03
     4.192828773372945e+03
     4.207371084101116e+03
     4.222244182790957e+03
     4.237464075137119e+03
     4.253047145040646e+03
     4.269010154608978e+03
     4.285370244155954e+03
     4.302144932201802e+03
     4.319352115473152e+03
     4.337010068903024e+03
     4.355137445630837e+03
     4.373753277002401e+03
     4.392876972569927e+03
     4.412528320092016e+03
     4.432727485533667e+03
     4.453495013066276e+03
     4.474851825067632e+03
     4.496819222121916e+03
     4.519418883019713e+03
     4.542672864757994e+03
     4.566603602540132e+03
     4.591233909775893e+03
     4.616586978081437e+03
     4.642686377279322e+03
     4.669556055398500e+03
     4.697220338674317e+03
     4.725703931548514e+03
     4.755031916669233e+03
     4.785229754891005e+03
     4.816323285274759e+03
     4.848338725087817e+03
     4.881302669803901e+03
     4.915242093103125e+03
     4.950184346871996e+03
     4.986157161203422e+03
     5.023188644396703e+03
     5.061307282957534e+03
     5.100541941598007e+03
     5.140921863236608e+03
     5.182476668998219e+03
     5.225236358214117e+03
     5.269231308421975e+03
     5.314492275365859e+03
     5.361050392996234e+03
     5.408937173469958e+03
     5.458184507150283e+03
     5.508824662606859e+03
     5.560890286615733e+03
     5.614414404159341e+03
     5.669430418426520e+03
     5.725972110812500e+03
     5.784073640918905e+03
     5.843769546553758e+03
     5.905094743731475e+03
     5.968084526672867e+03
