day sst(K) H(W/m2) LE(W/m2) TAU(m2/s2)
71.75 248.00 -8.12 4.77 0.0
71.7917 248.00 -5.7 5.39 0.0
71.8333 248.00 2.78 4.48 0.0
71.875 248.00 -14.66 2.76 0.0
71.9167 248.00 6.23 5.93 0.0
71.9583 248.00 1.78 4.82 0.0
72.0 255.00 47.61 20.08 0.0
72.0417 272.91 605.87 223.22 0.0
72.0833 275.3 727.28 338.94 0.0
72.125 275.45 587.7 306.91 0.0
72.1667 275.72 511.64 299.23 0.0
72.2083 275.69 399.7 251.27 0.0
72.25 276.31 369.89 242.44 0.0
72.2917 276.61 349.37 241.38 0.0
72.3333 276.86 328.09 242.55 0.0
72.375 277.52 311.74 248.59 0.0
72.4167 277.84 285.06 245.36 0.0
72.4583 277.98 263.01 241.01 0.0
72.5 278.18 243.33 234.17 0.0
72.5417 278.54 228.13 229.1 0.0
72.5833 279.15 216.12 225.08 0.0
72.625 279.38 195.95 210.79 0.0
72.6667 279.43 174.82 191.86 0.0
72.7083 279.32 162.09 179.59 0.0
72.75 277.79 97.9 110.64 0.0
